# Boundary plot 
# (1) x (2) y (3) z (4) Entropy 
0.11 0 0 -6.28081577703
0.109999956121 4.18646401777e-05 0 -6.28081577703
0.10999982465 8.37275384755e-05 0 -6.28081577703
0.109999605586 0.000125588694893 0 -6.28081577703
0.109999298929 0.000167448109431 0 -6.28081577703
0.109998904679 0.000209305782089 0 -6.28081577703
0.109998422837 0.000251161712867 0 -6.28081577703
0.109997853402 0.000293015901765 0 -6.28081577703
0.109997196374 0.000334868348784 0 -6.28081577703
0.109996451753 0.000376719053922 0 -6.28081577703
0.10999561954 0.00041856801718 0 -6.28081577703
0.109994699733 0.000460415238558 0 -6.28081577703
0.109993692334 0.000502260718057 0 -6.28081577703
0.109992597343 0.000544104455675 0 -6.28081577703
0.109991414758 0.000585946451414 0 -6.28081577703
0.109990144581 0.000627786705273 0 -6.28081577703
0.109988786811 0.000669625217251 0 -6.28081577703
0.109987341448 0.00071146198735 0 -6.28081577703
0.109985808493 0.000753297015569 0 -6.28081577703
0.109984187945 0.000795130301908 0 -6.28081577703
0.109984187945 0.000795130301908 0 -5.64762218485
0.109982479708 0.000836960099325 0 -5.64762218485
0.109980684018 0.000878784673856 0 -5.64762218485
0.109978800873 0.000920604025502 0 -5.64762218485
0.109976830274 0.000962418154262 0 -5.64762218485
0.109974772221 0.00100422706014 0 -5.64762218485
0.109972626714 0.00104603074313 0 -5.64762218485
0.109970393752 0.00108782920323 0 -5.64762218485
0.109968073336 0.00112962244045 0 -5.64762218485
0.109965665466 0.00117141045478 0 -5.64762218485
0.109963170142 0.00121319324623 0 -5.64762218485
0.109960587363 0.00125497081479 0 -5.64762218485
0.10995791713 0.00129674316047 0 -5.64762218485
0.109955159443 0.00133851028326 0 -5.64762218485
0.109952314301 0.00138027218316 0 -5.64762218485
0.109949381706 0.00142202886018 0 -5.64762218485
0.109946361656 0.00146378031431 0 -5.64762218485
0.109943254151 0.00150552654556 0 -5.64762218485
0.109940059193 0.00154726755393 0 -5.64762218485
0.10993677678 0.0015890033394 0 -5.64762218485
0.10993677678 0.0015890033394 0 -5.63494893014
0.109933406888 0.00163073215255 0 -5.63494893014
0.109929949818 0.00167245227006 0 -5.63494893014
0.10992640557 0.00171416369195 0 -5.63494893014
0.109922774145 0.00175586641819 0 -5.63494893014
0.109919055543 0.00179756044881 0 -5.63494893014
0.109915249763 0.00183924578379 0 -5.63494893014
0.109911356805 0.00188092242315 0 -5.63494893014
0.109907376671 0.00192259036686 0 -5.63494893014
0.109903309358 0.00196424961495 0 -5.63494893014
0.109899154868 0.0020059001674 0 -5.63494893014
0.109894913201 0.00204754202422 0 -5.63494893014
0.109890584356 0.00208917518541 0 -5.63494893014
0.109886168334 0.00213079965096 0 -5.63494893014
0.109881665134 0.00217241542089 0 -5.63494893014
0.109877074757 0.00221402249518 0 -5.63494893014
0.109872397203 0.00225562087383 0 -5.63494893014
0.109867632471 0.00229721055686 0 -5.63494893014
0.109862780561 0.00233879154425 0 -5.63494893014
0.109857841474 0.00238036383601 0 -5.63494893014
0.109857841474 0.00238036383601 0 -5.69291646751
0.109852815254 0.00242192568305 0 -5.69291646751
0.10984770227 0.00246347537547 0 -5.69291646751
0.109842502524 0.00250501291325 0 -5.69291646751
0.109837216015 0.00254653829641 0 -5.69291646751
0.109831842743 0.00258805152493 0 -5.69291646751
0.109826382708 0.00262955259883 0 -5.69291646751
0.109820835911 0.00267104151809 0 -5.69291646751
0.10981520235 0.00271251828273 0 -5.69291646751
0.109809482027 0.00275398289273 0 -5.69291646751
0.109803674941 0.00279543534811 0 -5.69291646751
0.109797781092 0.00283687564885 0 -5.69291646751
0.10979180048 0.00287830379496 0 -5.69291646751
0.109785733106 0.00291971978645 0 -5.69291646751
0.109779578968 0.0029611236233 0 -5.69291646751
0.109773338068 0.00300251530552 0 -5.69291646751
0.109767010405 0.00304389483312 0 -5.69291646751
0.109760595979 0.00308526220608 0 -5.69291646751
0.10975409479 0.00312661742441 0 -5.69291646751
0.109747506839 0.00316796048811 0 -5.69291646751
0.109747506839 0.00316796048811 0 -5.76977461964
0.109740832238 0.00320928965123 0 -5.76977461964
0.109734071426 0.00325060321995 0 -5.76977461964
0.109727224403 0.00329190119425 0 -5.76977461964
0.109720291169 0.00333318357415 0 -5.76977461964
0.109713271724 0.00337445035964 0 -5.76977461964
0.109706166068 0.00341570155071 0 -5.76977461964
0.1096989742 0.00345693714738 0 -5.76977461964
0.109691696122 0.00349815714964 0 -5.76977461964
0.109684331833 0.00353936155749 0 -5.76977461964
0.109676881333 0.00358055037094 0 -5.76977461964
0.109669344622 0.00362172358997 0 -5.76977461964
0.1096617217 0.0036628812146 0 -5.76977461964
0.109654012567 0.00370402324481 0 -5.76977461964
0.109646217222 0.00374514968062 0 -5.76977461964
0.109638335667 0.00378626052202 0 -5.76977461964
0.109630367901 0.00382735576901 0 -5.76977461964
0.109622313924 0.00386843542159 0 -5.76977461964
0.109614173735 0.00390949947976 0 -5.76977461964
0.109605947336 0.00395054794352 0 -5.76977461964
0.109605947336 0.00395054794352 0 -5.85442629693
0.109597634909 0.00399157907282 0 -5.85442629693
0.109589236958 0.00403259119259 0 -5.85442629693
0.109580753485 0.00407358430283 0 -5.85442629693
0.109572184489 0.00411455840354 0 -5.85442629693
0.10956352997 0.00415551349471 0 -5.85442629693
0.109554789928 0.00419644957636 0 -5.85442629693
0.109545964363 0.00423736664848 0 -5.85442629693
0.109537053275 0.00427826471107 0 -5.85442629693
0.109528056665 0.00431914376414 0 -5.85442629693
0.109518974531 0.00436000380767 0 -5.85442629693
0.109509806875 0.00440084484167 0 -5.85442629693
0.109500553696 0.00444166686614 0 -5.85442629693
0.109491214994 0.00448246988108 0 -5.85442629693
0.109481790769 0.0045232538865 0 -5.85442629693
0.109472281021 0.00456401888238 0 -5.85442629693
0.10946268575 0.00460476486874 0 -5.85442629693
0.109453004957 0.00464549184556 0 -5.85442629693
0.10944323864 0.00468619981286 0 -5.85442629693
0.109433386801 0.00472688877062 0 -5.85442629693
0.109433386801 0.00472688877062 0 -5.94145654558
0.10942344969 0.00476755698745 0 -5.94145654558
0.10941342788 0.00480820280968 0 -5.94145654558
0.109403321371 0.00484882623731 0 -5.94145654558
0.109393130162 0.00488942727036 0 -5.94145654558
0.109382854254 0.00493000590881 0 -5.94145654558
0.109372493646 0.00497056215267 0 -5.94145654558
0.109362048338 0.00501109600194 0 -5.94145654558
0.109351518331 0.00505160745662 0 -5.94145654558
0.109340903625 0.0050920965167 0 -5.94145654558
0.109330204219 0.0051325631822 0 -5.94145654558
0.109319420113 0.0051730074531 0 -5.94145654558
0.109308551308 0.00521342932941 0 -5.94145654558
0.109297597804 0.00525382881112 0 -5.94145654558
0.1092865596 0.00529420589825 0 -5.94145654558
0.109275436696 0.00533456059078 0 -5.94145654558
0.109264229093 0.00537489288872 0 -5.94145654558
0.10925293679 0.00541520279207 0 -5.94145654558
0.109241559788 0.00545549030082 0 -5.94145654558
0.109230098087 0.00549575541499 0 -5.94145654558
0.109230098087 0.00549575541499 0 -6.028810121
0.109218552006 0.00553599641452 0 -6.028810121
0.109206922183 0.00557621166982 0 -6.028810121
0.109195208618 0.00561640118087 0 -6.028810121
0.109183411311 0.00565656494767 0 -6.028810121
0.109171530261 0.00569670297023 0 -6.028810121
0.109159565469 0.00573681524854 0 -6.028810121
0.109147516935 0.00577690178262 0 -6.028810121
0.109135384659 0.00581696257244 0 -6.028810121
0.109123168641 0.00585699761802 0 -6.028810121
0.10911086888 0.00589700691936 0 -6.028810121
0.109098485377 0.00593699047646 0 -6.028810121
0.109086018132 0.00597694828931 0 -6.028810121
0.109073467145 0.00601688035791 0 -6.028810121
0.109060832415 0.00605678668227 0 -6.028810121
0.109048113944 0.00609666726239 0 -6.028810121
0.10903531173 0.00613652209826 0 -6.028810121
0.109022425774 0.00617635118989 0 -6.028810121
0.109009456075 0.00621615453727 0 -6.028810121
0.108996402635 0.00625593214041 0 -6.028810121
0.108996402635 0.00625593214041 0 -6.11549471335
0.10898326584 0.00629568229337 0 -6.11549471335
0.108970046394 0.00633540339314 0 -6.11549471335
0.108956744294 0.00637509543972 0 -6.11549471335
0.108943359543 0.00641475843312 0 -6.11549471335
0.108929892138 0.00645439237332 0 -6.11549471335
0.108916342082 0.00649399726033 0 -6.11549471335
0.108902709372 0.00653357309415 0 -6.11549471335
0.108888994011 0.00657311987479 0 -6.11549471335
0.108875195996 0.00661263760223 0 -6.11549471335
0.108861315329 0.00665212627649 0 -6.11549471335
0.10884735201 0.00669158589755 0 -6.11549471335
0.108833306038 0.00673101646543 0 -6.11549471335
0.108819177414 0.00677041798011 0 -6.11549471335
0.108804966137 0.00680979044161 0 -6.11549471335
0.108790672208 0.00684913384991 0 -6.11549471335
0.108776295626 0.00688844820503 0 -6.11549471335
0.108761836392 0.00692773350696 0 -6.11549471335
0.108747294505 0.00696698975569 0 -6.11549471335
0.108732669965 0.00700621695124 0 -6.11549471335
0.108732669965 0.00700621695124 0 -6.20133213288
0.10871796323 0.00704541340446 0 -6.20133213288
0.108703175062 0.00708457754149 0 -6.20133213288
0.108688305462 0.00712370936232 0 -6.20133213288
0.10867335443 0.00716280886696 0 -6.20133213288
0.108658321965 0.00720187605539 0 -6.20133213288
0.108643208069 0.00724091092764 0 -6.20133213288
0.108628012741 0.00727991348369 0 -6.20133213288
0.10861273598 0.00731888372354 0 -6.20133213288
0.108597377787 0.00735782164719 0 -6.20133213288
0.108581938163 0.00739672725465 0 -6.20133213288
0.108566417106 0.00743560054592 0 -6.20133213288
0.108550814617 0.00747444152098 0 -6.20133213288
0.108535130696 0.00751325017986 0 -6.20133213288
0.108519365342 0.00755202652253 0 -6.20133213288
0.108503518557 0.00759077054901 0 -6.20133213288
0.10848759034 0.0076294822593 0 -6.20133213288
0.10847158069 0.00766816165339 0 -6.20133213288
0.108455489608 0.00770680873128 0 -6.20133213288
0.108439317095 0.00774542349298 0 -6.20133213288
0.108439317095 0.00774542349298 0 -6.28612973484
0.108423063672 0.00778400426881 0 -6.28612973484
0.108406730166 0.00782254951654 0 -6.28612973484
0.108390316577 0.00786105923617 0 -6.28612973484
0.108373822905 0.0078995334277 0 -6.28612973484
0.10835724915 0.00793797209112 0 -6.28612973484
0.108340595312 0.00797637522643 0 -6.28612973484
0.108323861392 0.00801474283365 0 -6.28612973484
0.108307047388 0.00805307491276 0 -6.28612973484
0.108290153301 0.00809137146376 0 -6.28612973484
0.108273179132 0.00812963248666 0 -6.28612973484
0.108256124879 0.00816785798146 0 -6.28612973484
0.108238990544 0.00820604794816 0 -6.28612973484
0.108221776126 0.00824420238675 0 -6.28612973484
0.108204481624 0.00828232129724 0 -6.28612973484
0.10818710704 0.00832040467963 0 -6.28612973484
0.108169652373 0.00835845253391 0 -6.28612973484
0.108152117623 0.00839646486009 0 -6.28612973484
0.108134502789 0.00843444165816 0 -6.28612973484
0.108116807873 0.00847238292814 0 -6.28612973484
0.108116807873 0.00847238292814 0 -6.36837536975
0.108099033463 0.00851028702245 0 -6.36837536975
0.108081180446 0.00854815243292 0 -6.36837536975
0.108063248821 0.00858597915956 0 -6.36837536975
0.10804523859 0.00862376720237 0 -6.36837536975
0.108027149751 0.00866151656135 0 -6.36837536975
0.108008982305 0.00869922723649 0 -6.36837536975
0.107990736252 0.00873689922779 0 -6.36837536975
0.107972411591 0.00877453253526 0 -6.36837536975
0.107954008324 0.0088121271589 0 -6.36837536975
0.107935526449 0.00884968309871 0 -6.36837536975
0.107916965967 0.00888720035468 0 -6.36837536975
0.107898326878 0.00892467892682 0 -6.36837536975
0.107879609182 0.00896211881512 0 -6.36837536975
0.107860812879 0.00899952001959 0 -6.36837536975
0.107841937968 0.00903688254022 0 -6.36837536975
0.107822984451 0.00907420637702 0 -6.36837536975
0.107803952326 0.00911149152999 0 -6.36837536975
0.107784841594 0.00914873799913 0 -6.36837536975
0.107765652255 0.00918594578443 0 -6.36837536975
0.107765652255 0.00918594578443 0 -6.44651461158
0.107746384963 0.00922311326305 0 -6.44651461158
0.107727040663 0.00926023896327 0 -6.44651461158
0.107707619357 0.0092973228851 0 -6.44651461158
0.107688121043 0.00933436502853 0 -6.44651461158
0.107668545722 0.00937136539356 0 -6.44651461158
0.107648893394 0.00940832398019 0 -6.44651461158
0.10762916406 0.00944524078843 0 -6.44651461158
0.107609357718 0.00948211581827 0 -6.44651461158
0.107589474369 0.00951894906971 0 -6.44651461158
0.107569514013 0.00955574054276 0 -6.44651461158
0.107549476649 0.00959249023741 0 -6.44651461158
0.107529362279 0.00962919815366 0 -6.44651461158
0.107509170902 0.00966586429151 0 -6.44651461158
0.107488902517 0.00970248865097 0 -6.44651461158
0.107468557126 0.00973907123203 0 -6.44651461158
0.107448134727 0.00977561203469 0 -6.44651461158
0.107427635321 0.00981211105896 0 -6.44651461158
0.107407058909 0.00984856830483 0 -6.44651461158
0.107386405489 0.0098849837723 0 -6.44651461158
0.107386405489 0.0098849837723 0 -6.52147870373
0.10736567578 0.00992135586581 0 -6.52147870373
0.107344870786 0.00995768315242 0 -6.52147870373
0.107323990506 0.00999396563212 0 -6.52147870373
0.107303034941 0.0100302033049 0 -6.52147870373
0.107282004091 0.0100663961708 0 -6.52147870373
0.107260897956 0.0101025442298 0 -6.52147870373
0.107239716536 0.010138647482 0 -6.52147870373
0.10721845983 0.0101747059272 0 -6.52147870373
0.107197127839 0.0102107195655 0 -6.52147870373
0.107175720563 0.0102466883969 0 -6.52147870373
0.107154238001 0.0102826124214 0 -6.52147870373
0.107132680155 0.010318491639 0 -6.52147870373
0.107111047023 0.0103543260497 0 -6.52147870373
0.107089338606 0.0103901156535 0 -6.52147870373
0.107067554904 0.0104258604504 0 -6.52147870373
0.107045695916 0.0104615604404 0 -6.52147870373
0.107023761643 0.0104972156235 0 -6.52147870373
0.107001752085 0.0105328259997 0 -6.52147870373
0.106979667242 0.010568391569 0 -6.52147870373
0.106979667242 0.010568391569 0 -6.5949917875
0.106957507894 0.0106039107657 0 -6.5949917875
0.106935275102 0.0106393821977 0 -6.5949917875
0.106912968866 0.0106748058653 0 -6.5949917875
0.106890589185 0.0107101817683 0 -6.5949917875
0.10686813606 0.0107455099067 0 -6.5949917875
0.10684560949 0.0107807902805 0 -6.5949917875
0.106823009476 0.0108160228899 0 -6.5949917875
0.106800336018 0.0108512077346 0 -6.5949917875
0.106777589116 0.0108863448148 0 -6.5949917875
0.106754768769 0.0109214341305 0 -6.5949917875
0.106731874977 0.0109564756816 0 -6.5949917875
0.106708907742 0.0109914694681 0 -6.5949917875
0.106685867062 0.0110264154901 0 -6.5949917875
0.106662752938 0.0110613137475 0 -6.5949917875
0.106639565369 0.0110961642404 0 -6.5949917875
0.106616304356 0.0111309669687 0 -6.5949917875
0.106592969899 0.0111657219325 0 -6.5949917875
0.106569561997 0.0112004291317 0 -6.5949917875
0.106546080651 0.0112350885664 0 -6.5949917875
0.106546080651 0.0112350885664 0 -6.66744257603
0.106522526703 0.011269698703 0 -6.66744257603
0.106498901268 0.0113042581929 0 -6.66744257603
0.106475204345 0.0113387670362 0 -6.66744257603
0.106451435935 0.0113732252328 0 -6.66744257603
0.106427596038 0.0114076327827 0 -6.66744257603
0.106403684653 0.0114419896859 0 -6.66744257603
0.106379701781 0.0114762959424 0 -6.66744257603
0.106355647422 0.0115105515522 0 -6.66744257603
0.106331521575 0.0115447565154 0 -6.66744257603
0.106307324241 0.0115789108319 0 -6.66744257603
0.10628305542 0.0116130145017 0 -6.66744257603
0.106258715111 0.0116470675248 0 -6.66744257603
0.106234303315 0.0116810699012 0 -6.66744257603
0.106209820032 0.0117150216309 0 -6.66744257603
0.106185265261 0.011748922714 0 -6.66744257603
0.106160639003 0.0117827731504 0 -6.66744257603
0.106135941258 0.0118165729401 0 -6.66744257603
0.106111172025 0.0118503220831 0 -6.66744257603
0.106086331305 0.0118840205794 0 -6.66744257603
0.106086331305 0.0118840205794 0 -6.73734054015
0.106061420001 0.0119176669303 0 -6.73734054015
0.106036439279 0.0119512598324 0 -6.73734054015
0.10601138914 0.0119847992858 0 -6.73734054015
0.105986269583 0.0120182852905 0 -6.73734054015
0.10596108061 0.0120517178464 0 -6.73734054015
0.105935822219 0.0120850969536 0 -6.73734054015
0.10591049441 0.0121184226121 0 -6.73734054015
0.105885097185 0.0121516948219 0 -6.73734054015
0.105859630542 0.0121849135829 0 -6.73734054015
0.105834094482 0.0122180788952 0 -6.73734054015
0.105808489005 0.0122511907588 0 -6.73734054015
0.10578281411 0.0122842491737 0 -6.73734054015
0.105757069798 0.0123172541398 0 -6.73734054015
0.105731256069 0.0123502056572 0 -6.73734054015
0.105705372922 0.0123831037258 0 -6.73734054015
0.105679420359 0.0124159483458 0 -6.73734054015
0.105653398378 0.012448739517 0 -6.73734054015
0.105627306979 0.0124814772394 0 -6.73734054015
0.105601146164 0.0125141615132 0 -6.73734054015
0.105601146164 0.0125141615132 0 -6.80344676703
0.105574916892 0.0125467908765 0 -6.80344676703
0.105548620384 0.0125793640735 0 -6.80344676703
0.105522256637 0.0126118811043 0 -6.80344676703
0.105495825654 0.0126443419688 0 -6.80344676703
0.105469327433 0.0126767466671 0 -6.80344676703
0.105442761974 0.0127090951991 0 -6.80344676703
0.105416129278 0.0127413875648 0 -6.80344676703
0.105389429344 0.0127736237643 0 -6.80344676703
0.105362662173 0.0128058037975 0 -6.80344676703
0.105335827765 0.0128379276645 0 -6.80344676703
0.105308926119 0.0128699953652 0 -6.80344676703
0.105281957236 0.0129020068996 0 -6.80344676703
0.105254921115 0.0129339622678 0 -6.80344676703
0.105227817757 0.0129658614697 0 -6.80344676703
0.105200647161 0.0129977045054 0 -6.80344676703
0.105173409328 0.0130294913748 0 -6.80344676703
0.105146104257 0.0130612220779 0 -6.80344676703
0.105118731949 0.0130928966148 0 -6.80344676703
0.105091292403 0.0131245149854 0 -6.80344676703
0.105091292403 0.0131245149854 0 -6.86625159691
0.105063786639 0.0131560757674 0 -6.86625159691
0.105036215924 0.0131875777544 0 -6.86625159691
0.105008580257 0.0132190209465 0 -6.86625159691
0.104980879639 0.0132504053436 0 -6.86625159691
0.104953114069 0.0132817309457 0 -6.86625159691
0.104925283548 0.0133129977528 0 -6.86625159691
0.104897388076 0.0133442057649 0 -6.86625159691
0.104869427653 0.013375354982 0 -6.86625159691
0.104841402278 0.0134064454042 0 -6.86625159691
0.104813311952 0.0134374770314 0 -6.86625159691
0.104785156675 0.0134684498635 0 -6.86625159691
0.104756936446 0.0134993639008 0 -6.86625159691
0.104728651266 0.013530219143 0 -6.86625159691
0.104700301134 0.0135610155902 0 -6.86625159691
0.104671886052 0.0135917532425 0 -6.86625159691
0.104643406018 0.0136224320998 0 -6.86625159691
0.104614861032 0.0136530521621 0 -6.86625159691
0.104586251095 0.0136836134294 0 -6.86625159691
0.104557576207 0.0137141159017 0 -6.86625159691
0.104557576207 0.0137141159017 0 -6.92517359243
0.104528837443 0.0137445581983 0 -6.92517359243
0.104500036116 0.0137749391643 0 -6.92517359243
0.104471172226 0.0138052587994 0 -6.92517359243
0.104442245774 0.0138355171039 0 -6.92517359243
0.104413256759 0.0138657140776 0 -6.92517359243
0.104384205182 0.0138958497205 0 -6.92517359243
0.104355091042 0.0139259240328 0 -6.92517359243
0.10432591434 0.0139559370143 0 -6.92517359243
0.104296675075 0.013985888665 0 -6.92517359243
0.104267373248 0.014015778985 0 -6.92517359243
0.104238008858 0.0140456079743 0 -6.92517359243
0.104208581906 0.0140753756328 0 -6.92517359243
0.104179092392 0.0141050819606 0 -6.92517359243
0.104149540315 0.0141347269577 0 -6.92517359243
0.104119925675 0.014164310624 0 -6.92517359243
0.104090248473 0.0141938329596 0 -6.92517359243
0.104060508708 0.0142232939644 0 -6.92517359243
0.104030706381 0.0142526936385 0 -6.92517359243
0.104000841491 0.0142820319819 0 -6.92517359243
0.104000841491 0.0142820319819 0 -6.97984799447
0.103970915168 0.0143113076577 0 -6.97984799447
0.10394092877 0.0143405195639 0 -6.97984799447
0.103910882297 0.0143696677006 0 -6.97984799447
0.103880775749 0.0143987520678 0 -6.97984799447
0.103850609127 0.0144277726655 0 -6.97984799447
0.10382038243 0.0144567294937 0 -6.97984799447
0.103790095658 0.0144856225523 0 -6.97984799447
0.103759748812 0.0145144518415 0 -6.97984799447
0.10372934189 0.0145432173611 0 -6.97984799447
0.103698874894 0.0145719191112 0 -6.97984799447
0.103668347824 0.0146005570918 0 -6.97984799447
0.103637760678 0.0146291313029 0 -6.97984799447
0.103607113458 0.0146576417444 0 -6.97984799447
0.103576406163 0.0146860884165 0 -6.97984799447
0.103545638793 0.014714471319 0 -6.97984799447
0.103514811349 0.014742790452 0 -6.97984799447
0.10348392383 0.0147710458155 0 -6.97984799447
0.103452976236 0.0147992374095 0 -6.97984799447
0.103421968567 0.0148273652339 0 -6.97984799447
0.103421968567 0.0148273652339 0 -7.03173890078
0.103390902005 0.0148554279979 0 -7.03173890078
0.10335977795 0.0148834246545 0 -7.03173890078
0.103328596404 0.0149113552035 0 -7.03173890078
0.103297357366 0.0149392196452 0 -7.03173890078
0.103266060835 0.0149670179793 0 -7.03173890078
0.103234706813 0.014994750206 0 -7.03173890078
0.103203295299 0.0150224163252 0 -7.03173890078
0.103171826292 0.015050016337 0 -7.03173890078
0.103140299794 0.0150775502413 0 -7.03173890078
0.103108715804 0.0151050180381 0 -7.03173890078
0.103077074322 0.0151324197275 0 -7.03173890078
0.103045375347 0.0151597553094 0 -7.03173890078
0.103013618881 0.0151870247838 0 -7.03173890078
0.102981804923 0.0152142281508 0 -7.03173890078
0.102949933473 0.0152413654104 0 -7.03173890078
0.10291800453 0.0152684365624 0 -7.03173890078
0.102886018096 0.015295441607 0 -7.03173890078
0.10285397417 0.0153223805442 0 -7.03173890078
0.102821872752 0.0153492533738 0 -7.03173890078
0.102821872752 0.0153492533738 0 -7.0832245409
0.102789715073 0.0153760588531 0 -7.0832245409
0.102757502576 0.0154027959914 0 -7.0832245409
0.102725235261 0.0154294647889 0 -7.0832245409
0.102692913127 0.0154560652455 0 -7.0832245409
0.102660536175 0.0154825973613 0 -7.0832245409
0.102628104404 0.0155090611361 0 -7.0832245409
0.102595617815 0.0155354565701 0 -7.0832245409
0.102563076408 0.0155617836632 0 -7.0832245409
0.102530480183 0.0155880424154 0 -7.0832245409
0.102497829139 0.0156142328267 0 -7.0832245409
0.102465123277 0.0156403548972 0 -7.0832245409
0.102432362597 0.0156664086268 0 -7.0832245409
0.102399547098 0.0156923940155 0 -7.0832245409
0.102366676781 0.0157183110633 0 -7.0832245409
0.102333751645 0.0157441597702 0 -7.0832245409
0.102300771692 0.0157699401363 0 -7.0832245409
0.102267736919 0.0157956521615 0 -7.0832245409
0.102234647329 0.0158212958458 0 -7.0832245409
0.10220150292 0.0158468711892 0 -7.0832245409
0.10220150292 0.0158468711892 0 -7.13326480091
0.102168304973 0.0158723769987 0 -7.13326480091
0.102135054968 0.015897812342 0 -7.13326480091
0.102101752904 0.015923177219 0 -7.13326480091
0.102068398783 0.0159484716298 0 -7.13326480091
0.102034992604 0.0159736955744 0 -7.13326480091
0.102001534367 0.0159988490528 0 -7.13326480091
0.101968024071 0.0160239320649 0 -7.13326480091
0.101934461718 0.0160489446108 0 -7.13326480091
0.101900847307 0.0160738866904 0 -7.13326480091
0.101867180838 0.0160987583038 0 -7.13326480091
0.10183346231 0.016123559451 0 -7.13326480091
0.101799691725 0.0161482901319 0 -7.13326480091
0.101765869082 0.0161729503466 0 -7.13326480091
0.101731994381 0.0161975400951 0 -7.13326480091
0.101698067621 0.0162220593773 0 -7.13326480091
0.101664088804 0.0162465081933 0 -7.13326480091
0.101630057929 0.0162708865431 0 -7.13326480091
0.101595974996 0.0162951944266 0 -7.13326480091
0.101561840005 0.0163194318439 0 -7.13326480091
0.101561840005 0.0163194318439 0 -7.17897562148
0.101527654282 0.0163435976538 0 -7.17897562148
0.101493419343 0.0163676909835 0 -7.17897562148
0.10145913519 0.016391711833 0 -7.17897562148
0.10142480182 0.0164156602024 0 -7.17897562148
0.101390419236 0.0164395360916 0 -7.17897562148
0.101355987436 0.0164633395006 0 -7.17897562148
0.101321506421 0.0164870704294 0 -7.17897562148
0.101286976191 0.0165107288781 0 -7.17897562148
0.101252396745 0.0165343148466 0 -7.17897562148
0.101217768084 0.016557828335 0 -7.17897562148
0.101183090208 0.0165812693432 0 -7.17897562148
0.101148363116 0.0166046378712 0 -7.17897562148
0.101113586809 0.016627933919 0 -7.17897562148
0.101078761286 0.0166511574867 0 -7.17897562148
0.101043886548 0.0166743085742 0 -7.17897562148
0.101008962595 0.0166973871816 0 -7.17897562148
0.100973989426 0.0167203933087 0 -7.17897562148
0.100938967043 0.0167433269557 0 -7.17897562148
0.100903895443 0.0167661881226 0 -7.17897562148
0.100903895443 0.0167661881226 0 -7.21958090075
0.100868775999 0.0167889757217 0 -7.21958090075
0.10083361026 0.0168116889413 0 -7.21958090075
0.100798398227 0.0168343277814 0 -7.21958090075
0.100763139898 0.016856892242 0 -7.21958090075
0.100727835274 0.0168793823231 0 -7.21958090075
0.100692484356 0.0169017980247 0 -7.21958090075
0.100657087143 0.0169241393468 0 -7.21958090075
0.100621643634 0.0169464062894 0 -7.21958090075
0.100586153831 0.0169685988525 0 -7.21958090075
0.100550617733 0.0169907170362 0 -7.21958090075
0.10051503534 0.0170127608403 0 -7.21958090075
0.100479406653 0.0170347302649 0 -7.21958090075
0.10044373167 0.0170566253101 0 -7.21958090075
0.100408010393 0.0170784459757 0 -7.21958090075
0.10037224282 0.0171001922619 0 -7.21958090075
0.100336428953 0.0171218641686 0 -7.21958090075
0.100300568791 0.0171434616957 0 -7.21958090075
0.100264662334 0.0171649848434 0 -7.21958090075
0.100228709582 0.0171864336116 0 -7.21958090075
0.100228709582 0.0171864336116 0 -7.25786288785
0.100192711948 0.017207806968 0 -7.25786288785
0.100156671013 0.0172291041632 0 -7.25786288785
0.100120586776 0.0172503251972 0 -7.25786288785
0.100084459239 0.01727147007 0 -7.25786288785
0.1000482884 0.0172925387816 0 -7.25786288785
0.10001207426 0.017313531332 0 -7.25786288785
0.0999758168184 0.0173344477212 0 -7.25786288785
0.0999395160759 0.0173552879491 0 -7.25786288785
0.0999031720322 0.0173760520158 0 -7.25786288785
0.0998667846873 0.0173967399214 0 -7.25786288785
0.0998303540411 0.0174173516657 0 -7.25786288785
0.0997938800938 0.0174378872488 0 -7.25786288785
0.0997573628453 0.0174583466706 0 -7.25786288785
0.0997208022955 0.0174787299313 0 -7.25786288785
0.0996841984446 0.0174990370308 0 -7.25786288785
0.0996475512924 0.017519267969 0 -7.25786288785
0.099610860839 0.017539422746 0 -7.25786288785
0.0995741270844 0.0175595013618 0 -7.25786288785
0.0995373500286 0.0175795038164 0 -7.25786288785
0.0995373500286 0.0175795038164 0 -7.29468145952
0.0995005311242 0.0175994291345 0 -7.29468145952
0.0994636719808 0.0176192766302 0 -7.29468145952
0.0994267725983 0.0176390463033 0 -7.29468145952
0.0993898329767 0.0176587381539 0 -7.29468145952
0.099352853116 0.017678352182 0 -7.29468145952
0.0993158330163 0.0176978883876 0 -7.29468145952
0.0992787726775 0.0177173467707 0 -7.29468145952
0.0992416720996 0.0177367273313 0 -7.29468145952
0.0992045312826 0.0177560300694 0 -7.29468145952
0.0991673502266 0.0177752549849 0 -7.29468145952
0.0991301289315 0.017794402078 0 -7.29468145952
0.0990928673974 0.0178134713486 0 -7.29468145952
0.0990555656242 0.0178324627966 0 -7.29468145952
0.0990182236119 0.0178513764222 0 -7.29468145952
0.0989808413605 0.0178702122252 0 -7.29468145952
0.0989434188701 0.0178889702058 0 -7.29468145952
0.0989059561406 0.0179076503638 0 -7.29468145952
0.098868453172 0.0179262526993 0 -7.29468145952
0.0988309099644 0.0179447772124 0 -7.29468145952
0.0988309099644 0.0179447772124 0 -7.32981536887
0.0987933280079 0.0179632229861 0 -7.32981536887
0.0987557089381 0.0179815893992 0 -7.32981536887
0.0987180527551 0.0179998764515 0 -7.32981536887
0.0986803594587 0.018018084143 0 -7.32981536887
0.098642629049 0.0180362124738 0 -7.32981536887
0.098604861526 0.0180542614439 0 -7.32981536887
0.0985670568897 0.0180722310532 0 -7.32981536887
0.0985292151401 0.0180901213018 0 -7.32981536887
0.0984913362772 0.0181079321896 0 -7.32981536887
0.098453420301 0.0181256637167 0 -7.32981536887
0.0984154672114 0.0181433158831 0 -7.32981536887
0.0983774770086 0.0181608886887 0 -7.32981536887
0.0983394496925 0.0181783821335 0 -7.32981536887
0.0983013852631 0.0181957962176 0 -7.32981536887
0.0982632837203 0.018213130941 0 -7.32981536887
0.0982251450643 0.0182303863036 0 -7.32981536887
0.0981869692949 0.0182475623055 0 -7.32981536887
0.0981487564123 0.0182646589467 0 -7.32981536887
0.0981105064163 0.0182816762271 0 -7.32981536887
0.0981105064163 0.0182816762271 0 -7.36052790106
0.0980722208326 0.0182986132899 0 -7.36052790106
0.09803390132 0.0183154695793 0 -7.36052790106
0.0979955478785 0.0183322450952 0 -7.36052790106
0.0979571605082 0.0183489398376 0 -7.36052790106
0.097918739209 0.0183655538065 0 -7.36052790106
0.0978802839809 0.0183820870019 0 -7.36052790106
0.0978417948241 0.0183985394238 0 -7.36052790106
0.0978032717383 0.0184149110722 0 -7.36052790106
0.0977647147237 0.0184312019471 0 -7.36052790106
0.0977261237802 0.0184474120486 0 -7.36052790106
0.0976874989079 0.0184635413765 0 -7.36052790106
0.0976488401067 0.0184795899309 0 -7.36052790106
0.0976101473767 0.0184955577118 0 -7.36052790106
0.0975714207178 0.0185114447192 0 -7.36052790106
0.0975326601301 0.0185272509532 0 -7.36052790106
0.0974938656135 0.0185429764136 0 -7.36052790106
0.097455037168 0.0185586211005 0 -7.36052790106
0.0974161747937 0.018574185014 0 -7.36052790106
0.0973772784905 0.0185896681539 0 -7.36052790106
0.0973772784905 0.0185896681539 0 -7.3888089859
0.0973383498169 0.0186050697249 0 -7.3888089859
0.0972993904525 0.0186203892374 0 -7.3888089859
0.0972604003973 0.0186356266914 0 -7.3888089859
0.0972213796513 0.0186507820868 0 -7.3888089859
0.0971823282146 0.0186658554237 0 -7.3888089859
0.0971432460872 0.018680846702 0 -7.3888089859
0.097104133269 0.0186957559219 0 -7.3888089859
0.09706498976 0.0187105830831 0 -7.3888089859
0.0970258155602 0.0187253281859 0 -7.3888089859
0.0969866106698 0.0187399912302 0 -7.3888089859
0.0969473750885 0.0187545722159 0 -7.3888089859
0.0969081088165 0.018769071143 0 -7.3888089859
0.0968688118537 0.0187834880117 0 -7.3888089859
0.0968294842002 0.0187978228218 0 -7.3888089859
0.0967901258559 0.0188120755734 0 -7.3888089859
0.0967507368208 0.0188262462664 0 -7.3888089859
0.096711317095 0.018840334901 0 -7.3888089859
0.0966718666784 0.018854341477 0 -7.3888089859
0.0966323855711 0.0188682659944 0 -7.3888089859
0.0966323855711 0.0188682659944 0 -7.41176123011
0.0965928753618 0.0188821077205 0 -7.41176123011
0.0965533377483 0.0188958662328 0 -7.41176123011
0.0965137727307 0.0189095415312 0 -7.41176123011
0.096474180309 0.0189231336159 0 -7.41176123011
0.0964345604831 0.0189366424867 0 -7.41176123011
0.0963949132531 0.0189500681437 0 -7.41176123011
0.0963552386189 0.0189634105869 0 -7.41176123011
0.0963155365807 0.0189766698163 0 -7.41176123011
0.0962758071383 0.0189898458319 0 -7.41176123011
0.0962360502917 0.0190029386337 0 -7.41176123011
0.0961962660411 0.0190159482217 0 -7.41176123011
0.0961564543862 0.0190288745958 0 -7.41176123011
0.0961166153273 0.0190417177561 0 -7.41176123011
0.0960767488642 0.0190544777027 0 -7.41176123011
0.096036854997 0.0190671544354 0 -7.41176123011
0.0959969337257 0.0190797479543 0 -7.41176123011
0.0959569850502 0.0190922582594 0 -7.41176123011
0.0959170089706 0.0191046853506 0 -7.41176123011
0.0958770054868 0.0191170292281 0 -7.41176123011
0.0958770054868 0.0191170292281 0 -7.43325486097
0.0958369762156 0.0191292892226 0 -7.43325486097
0.0957969228702 0.0191414649797 0 -7.43325486097
0.0957568454506 0.0191535564992 0 -7.43325486097
0.0957167439568 0.0191655637812 0 -7.43325486097
0.0956766183888 0.0191774868256 0 -7.43325486097
0.0956364687467 0.0191893256326 0 -7.43325486097
0.0955962950304 0.019201080202 0 -7.43325486097
0.0955560972399 0.019212750534 0 -7.43325486097
0.0955158753752 0.0192243366284 0 -7.43325486097
0.0954756294364 0.0192358384853 0 -7.43325486097
0.0954353594234 0.0192472561047 0 -7.43325486097
0.0953950653362 0.0192585894865 0 -7.43325486097
0.0953547471748 0.0192698386309 0 -7.43325486097
0.0953144049393 0.0192810035377 0 -7.43325486097
0.0952740386296 0.019292084207 0 -7.43325486097
0.0952336482456 0.0193030806388 0 -7.43325486097
0.0951932337876 0.0193139928331 0 -7.43325486097
0.0951527952553 0.0193248207899 0 -7.43325486097
0.0951123326489 0.0193355645091 0 -7.43325486097
0.0951123326489 0.0193355645091 0 -7.45101438362
0.0950718476102 0.0193462233866 0 -7.45101438362
0.0950313418654 0.019356797136 0 -7.45101438362
0.0949908154145 0.0193672857574 0 -7.45101438362
0.0949502682574 0.0193776892507 0 -7.45101438362
0.0949097003941 0.0193880076161 0 -7.45101438362
0.0948691118247 0.0193982408534 0 -7.45101438362
0.0948285025491 0.0194083889627 0 -7.45101438362
0.0947878725674 0.0194184519439 0 -7.45101438362
0.0947472218795 0.0194284297972 0 -7.45101438362
0.0947065504854 0.0194383225224 0 -7.45101438362
0.0946658583853 0.0194481301196 0 -7.45101438362
0.0946251455789 0.0194578525888 0 -7.45101438362
0.0945844120664 0.0194674899299 0 -7.45101438362
0.0945436578478 0.0194770421431 0 -7.45101438362
0.094502882923 0.0194865092282 0 -7.45101438362
0.094462087292 0.0194958911852 0 -7.45101438362
0.0944212709549 0.0195051880143 0 -7.45101438362
0.0943804339116 0.0195143997153 0 -7.45101438362
0.0943395761622 0.0195235262884 0 -7.45101438362
0.0943395761622 0.0195235262884 0 -7.4666750027
0.0942986993713 0.0195325671948 0 -7.4666750027
0.094257805275 0.0195415222173 0 -7.4666750027
0.0942168938734 0.0195503913559 0 -7.4666750027
0.0941759651663 0.0195591746106 0 -7.4666750027
0.0941350191539 0.0195678719813 0 -7.4666750027
0.094094055836 0.0195764834681 0 -7.4666750027
0.0940530752128 0.019585009071 0 -7.4666750027
0.0940120772842 0.01959344879 0 -7.4666750027
0.0939710620502 0.019601802625 0 -7.4666750027
0.0939300295108 0.0196100705761 0 -7.4666750027
0.093888979666 0.0196182526433 0 -7.4666750027
0.0938479125158 0.0196263488266 0 -7.4666750027
0.0938068280602 0.0196343591259 0 -7.4666750027
0.0937657262993 0.0196422835414 0 -7.4666750027
0.0937246072329 0.0196501220728 0 -7.4666750027
0.0936834708612 0.0196578747204 0 -7.4666750027
0.0936423171841 0.019665541484 0 -7.4666750027
0.0936011462015 0.0196731223638 0 -7.4666750027
0.0935599579136 0.0196806173596 0 -7.4666750027
0.0935599579136 0.0196806173596 0 -7.47992412463
0.0935187540051 0.0196880259995 0 -7.47992412463
0.0934775362193 0.0196953481354 0 -7.47992412463
0.0934363045563 0.0197025837672 0 -7.47992412463
0.093395059016 0.0197097328951 0 -7.47992412463
0.0933537995984 0.0197167955189 0 -7.47992412463
0.0933125263036 0.0197237716387 0 -7.47992412463
0.0932712391315 0.0197306612544 0 -7.47992412463
0.0932299380821 0.0197374643662 0 -7.47992412463
0.0931886231555 0.0197441809739 0 -7.47992412463
0.0931472943516 0.0197508110776 0 -7.47992412463
0.0931059516705 0.0197573546772 0 -7.47992412463
0.0930645951121 0.0197638117728 0 -7.47992412463
0.0930232246764 0.0197701823644 0 -7.47992412463
0.0929818403635 0.019776466452 0 -7.47992412463
0.0929404421733 0.0197826640355 0 -7.47992412463
0.0928990301058 0.0197887751151 0 -7.47992412463
0.0928576041611 0.0197947996905 0 -7.47992412463
0.0928161643391 0.019800737762 0 -7.47992412463
0.0927747106399 0.0198065893294 0 -7.47992412463
0.0927747106399 0.0198065893294 0 -7.49079423737
0.0927332447656 0.0198123539883 0 -7.49079423737
0.0926917684641 0.0198180316597 0 -7.49079423737
0.0926502817354 0.0198236223439 0 -7.49079423737
0.0926087845795 0.0198291260406 0 -7.49079423737
0.0925672769964 0.0198345427501 0 -7.49079423737
0.0925257589862 0.0198398724721 0 -7.49079423737
0.0924842305487 0.0198451152069 0 -7.49079423737
0.0924426916841 0.0198502709542 0 -7.49079423737
0.0924011423922 0.0198553397143 0 -7.49079423737
0.0923595826732 0.019860321487 0 -7.49079423737
0.092318012527 0.0198652162723 0 -7.49079423737
0.0922764319536 0.0198700240703 0 -7.49079423737
0.0922348409529 0.0198747448809 0 -7.49079423737
0.0921932395251 0.0198793787042 0 -7.49079423737
0.0921516276701 0.0198839255402 0 -7.49079423737
0.092110005388 0.0198883853887 0 -7.49079423737
0.0920683726786 0.01989275825 0 -7.49079423737
0.092026729542 0.0198970441239 0 -7.49079423737
0.0919850759782 0.0199012430104 0 -7.49079423737
0.0919850759782 0.0199012430104 0 -7.49538769608
0.0919434137042 0.019905354573 0 -7.49538769608
0.0919017444696 0.0199093788025 0 -7.49538769608
0.0918600682743 0.0199133156989 0 -7.49538769608
0.0918183851184 0.0199171652621 0 -7.49538769608
0.0917766950018 0.0199209274922 0 -7.49538769608
0.0917349979247 0.0199246023892 0 -7.49538769608
0.0916932938868 0.0199281899531 0 -7.49538769608
0.0916515828884 0.0199316901838 0 -7.49538769608
0.0916098649293 0.0199351030814 0 -7.49538769608
0.0915681400096 0.0199384286459 0 -7.49538769608
0.0915264081292 0.0199416668772 0 -7.49538769608
0.0914846692882 0.0199448177755 0 -7.49538769608
0.0914429234866 0.0199478813406 0 -7.49538769608
0.0914011707243 0.0199508575726 0 -7.49538769608
0.0913594110014 0.0199537464714 0 -7.49538769608
0.0913176443179 0.0199565480372 0 -7.49538769608
0.0912758706737 0.0199592622698 0 -7.49538769608
0.0912340900689 0.0199618891693 0 -7.49538769608
0.0911923025035 0.0199644287356 0 -7.49538769608
0.0911923025035 0.0199644287356 0 -7.49855677012
0.0911505097064 0.0199668807008 0 -7.49855677012
0.0911087134262 0.0199692451252 0 -7.49855677012
0.091066913663 0.0199715220087 0 -7.49855677012
0.0910251104166 0.0199737113514 0 -7.49855677012
0.0909833036873 0.0199758131534 0 -7.49855677012
0.0909414934748 0.0199778274145 0 -7.49855677012
0.0908996797793 0.0199797541348 0 -7.49855677012
0.0908578626007 0.0199815933143 0 -7.49855677012
0.090816041939 0.019983344953 0 -7.49855677012
0.0907742177943 0.0199850090509 0 -7.49855677012
0.0907323901665 0.019986585608 0 -7.49855677012
0.0906905590556 0.0199880746242 0 -7.49855677012
0.0906487244616 0.0199894760997 0 -7.49855677012
0.0906068863846 0.0199907900343 0 -7.49855677012
0.0905650448245 0.0199920164282 0 -7.49855677012
0.0905231997813 0.0199931552812 0 -7.49855677012
0.0904813512551 0.0199942065934 0 -7.49855677012
0.0904394992458 0.0199951703648 0 -7.49855677012
0.0903976437534 0.0199960465954 0 -7.49855677012
0.0903976437534 0.0199960465954 0 -7.5011629373
0.0903557865162 0.0199968350861 0 -7.5011629373
0.090313929279 0.0199975359667 0 -7.5011629373
0.0902720720418 0.0199981492372 0 -7.5011629373
0.0902302148046 0.0199986748976 0 -7.5011629373
0.0901883575674 0.019999112948 0 -7.5011629373
0.0901465003302 0.0199994633883 0 -7.5011629373
0.0901046430931 0.0199997262185 0 -7.5011629373
0.0900627858559 0.0199999014387 0 -7.5011629373
0.0900209286187 0.0199999890487 0 -7.5011629373
0.0899790713815 0.0199999890487 0 -7.5011629373
0.0899372141443 0.0199999014387 0 -7.5011629373
0.0898953569071 0.0199997262185 0 -7.5011629373
0.0898534996699 0.0199994633883 0 -7.5011629373
0.0898116424327 0.019999112948 0 -7.5011629373
0.0897697851955 0.0199986748976 0 -7.5011629373
0.0897279279584 0.0199981492372 0 -7.5011629373
0.0896860707212 0.0199975359667 0 -7.5011629373
0.089644213484 0.0199968350861 0 -7.5011629373
0.0896023562468 0.0199960465954 0 -7.5011629373
0.0896023562468 0.0199960465954 0 -7.49898815441
0.0895605007544 0.0199951703648 0 -7.49898815441
0.0895186487451 0.0199942065934 0 -7.49898815441
0.0894768002188 0.0199931552812 0 -7.49898815441
0.0894349551757 0.0199920164282 0 -7.49898815441
0.0893931136156 0.0199907900343 0 -7.49898815441
0.0893512755386 0.0199894760997 0 -7.49898815441
0.0893094409446 0.0199880746242 0 -7.49898815441
0.0892676098337 0.019986585608 0 -7.49898815441
0.0892257822059 0.0199850090509 0 -7.49898815441
0.0891839580612 0.019983344953 0 -7.49898815441
0.0891421373995 0.0199815933143 0 -7.49898815441
0.0891003202209 0.0199797541348 0 -7.49898815441
0.0890585065254 0.0199778274145 0 -7.49898815441
0.0890166963129 0.0199758131534 0 -7.49898815441
0.0889748895835 0.0199737113515 0 -7.49898815441
0.0889330863372 0.0199715220087 0 -7.49898815441
0.088891286574 0.0199692451252 0 -7.49898815441
0.0888494902938 0.0199668807008 0 -7.49898815441
0.0888076974967 0.0199644287356 0 -7.49898815441
0.0888076974967 0.0199644287356 0 -7.49401620565
0.0887659099312 0.0199618891693 0 -7.49401620565
0.0887241293264 0.0199592622698 0 -7.49401620565
0.0886823556823 0.0199565480372 0 -7.49401620565
0.0886405889987 0.0199537464714 0 -7.49401620565
0.0885988292758 0.0199508575726 0 -7.49401620565
0.0885570765136 0.0199478813406 0 -7.49401620565
0.0885153307119 0.0199448177755 0 -7.49401620565
0.088473591871 0.0199416668773 0 -7.49401620565
0.0884318599906 0.0199384286459 0 -7.49401620565
0.0883901350709 0.0199351030814 0 -7.49401620565
0.0883484171118 0.0199316901838 0 -7.49401620565
0.0883067061133 0.0199281899531 0 -7.49401620565
0.0882650020755 0.0199246023892 0 -7.49401620565
0.0882233049983 0.0199209274922 0 -7.49401620565
0.0881816148818 0.0199171652621 0 -7.49401620565
0.0881399317259 0.0199133156989 0 -7.49401620565
0.0880982555306 0.0199093788025 0 -7.49401620565
0.0880565862959 0.0199053545731 0 -7.49401620565
0.0880149240219 0.0199012430105 0 -7.49401620565
0.0880149240219 0.0199012430105 0 -7.48709101543
0.0879732704582 0.0198970441239 0 -7.48709101543
0.0879316273216 0.01989275825 0 -7.48709101543
0.0878899946122 0.0198883853888 0 -7.48709101543
0.08784837233 0.0198839255402 0 -7.48709101543
0.087806760475 0.0198793787042 0 -7.48709101543
0.0877651590472 0.0198747448809 0 -7.48709101543
0.0877235680466 0.0198700240703 0 -7.48709101543
0.0876819874732 0.0198652162723 0 -7.48709101543
0.087640417327 0.019860321487 0 -7.48709101543
0.0875988576079 0.0198553397143 0 -7.48709101543
0.0875573083161 0.0198502709543 0 -7.48709101543
0.0875157694514 0.0198451152069 0 -7.48709101543
0.087474241014 0.0198398724721 0 -7.48709101543
0.0874327230037 0.0198345427501 0 -7.48709101543
0.0873912154206 0.0198291260406 0 -7.48709101543
0.0873497182648 0.0198236223439 0 -7.48709101543
0.0873082315361 0.0198180316597 0 -7.48709101543
0.0872667552346 0.0198123539883 0 -7.48709101543
0.0872252893603 0.0198065893295 0 -7.48709101543
0.0872252893603 0.0198065893295 0 -7.47439719538
0.087183835661 0.019800737762 0 -7.47439719538
0.0871423958391 0.0197947996906 0 -7.47439719538
0.0871009698943 0.0197887751151 0 -7.47439719538
0.0870595578269 0.0197826640356 0 -7.47439719538
0.0870181596367 0.019776466452 0 -7.47439719538
0.0869767753238 0.0197701823644 0 -7.47439719538
0.0869354048881 0.0197638117728 0 -7.47439719538
0.0868940483297 0.0197573546772 0 -7.47439719538
0.0868527056485 0.0197508110776 0 -7.47439719538
0.0868113768446 0.0197441809739 0 -7.47439719538
0.086770061918 0.0197374643662 0 -7.47439719538
0.0867287608687 0.0197306612545 0 -7.47439719538
0.0866874736966 0.0197237716387 0 -7.47439719538
0.0866462004017 0.0197167955189 0 -7.47439719538
0.0866049409842 0.0197097328951 0 -7.47439719538
0.0865636954439 0.0197025837673 0 -7.47439719538
0.0865224637808 0.0196953481354 0 -7.47439719538
0.086481245995 0.0196880259995 0 -7.47439719538
0.0864400420865 0.0196806173596 0 -7.47439719538
0.0864400420865 0.0196806173596 0 -7.45946329301
0.0863988537986 0.0196731223638 0 -7.45946329301
0.0863576828161 0.0196655414841 0 -7.45946329301
0.086316529139 0.0196578747204 0 -7.45946329301
0.0862753927672 0.0196501220729 0 -7.45946329301
0.0862342737009 0.0196422835414 0 -7.45946329301
0.0861931719399 0.019634359126 0 -7.45946329301
0.0861520874843 0.0196263488266 0 -7.45946329301
0.0861110203342 0.0196182526434 0 -7.45946329301
0.0860699704894 0.0196100705762 0 -7.45946329301
0.08602893795 0.0196018026251 0 -7.45946329301
0.085987922716 0.01959344879 0 -7.45946329301
0.0859469247874 0.0195850090711 0 -7.45946329301
0.0859059441641 0.0195764834682 0 -7.45946329301
0.0858649808463 0.0195678719813 0 -7.45946329301
0.0858240348338 0.0195591746106 0 -7.45946329301
0.0857831061268 0.0195503913559 0 -7.45946329301
0.0857421947251 0.0195415222174 0 -7.45946329301
0.0857013006288 0.0195325671948 0 -7.45946329301
0.0856604238379 0.0195235262884 0 -7.45946329301
0.0856604238379 0.0195235262884 0 -7.44265708021
0.0856195660885 0.0195143997154 0 -7.44265708021
0.0855787290453 0.0195051880143 0 -7.44265708021
0.0855379127081 0.0194958911853 0 -7.44265708021
0.0854971170772 0.0194865092282 0 -7.44265708021
0.0854563421524 0.0194770421431 0 -7.44265708021
0.0854155879337 0.01946748993 0 -7.44265708021
0.0853748544212 0.0194578525888 0 -7.44265708021
0.0853341416149 0.0194481301196 0 -7.44265708021
0.0852934495147 0.0194383225224 0 -7.44265708021
0.0852527781207 0.0194284297972 0 -7.44265708021
0.0852121274328 0.019418451944 0 -7.44265708021
0.085171497451 0.0194083889627 0 -7.44265708021
0.0851308881755 0.0193982408534 0 -7.44265708021
0.085090299606 0.0193880076161 0 -7.44265708021
0.0850497317428 0.0193776892508 0 -7.44265708021
0.0850091845857 0.0193672857574 0 -7.44265708021
0.0849686581347 0.019356797136 0 -7.44265708021
0.0849281523899 0.0193462233866 0 -7.44265708021
0.0848876673513 0.0193355645092 0 -7.44265708021
0.0848876673513 0.0193355645092 0 -7.42433693058
0.0848472047448 0.0193248207899 0 -7.42433693058
0.0848067662126 0.0193139928332 0 -7.42433693058
0.0847663517545 0.0193030806389 0 -7.42433693058
0.0847259613706 0.0192920842071 0 -7.42433693058
0.0846855950609 0.0192810035378 0 -7.42433693058
0.0846452528253 0.0192698386309 0 -7.42433693058
0.0846049346639 0.0192585894866 0 -7.42433693058
0.0845646405767 0.0192472561047 0 -7.42433693058
0.0845243705637 0.0192358384853 0 -7.42433693058
0.0844841246249 0.0192243366284 0 -7.42433693058
0.0844439027602 0.019212750534 0 -7.42433693058
0.0844037049697 0.0192010802021 0 -7.42433693058
0.0843635312534 0.0191893256326 0 -7.42433693058
0.0843233816113 0.0191774868257 0 -7.42433693058
0.0842832560433 0.0191655637812 0 -7.42433693058
0.0842431545496 0.0191535564992 0 -7.42433693058
0.08420307713 0.0191414649797 0 -7.42433693058
0.0841630237845 0.0191292892227 0 -7.42433693058
0.0841229945133 0.0191170292281 0 -7.42433693058
0.0841229945133 0.0191170292281 0 -7.40287407586
0.0840829910296 0.0191046853507 0 -7.40287407586
0.0840430149499 0.0190922582594 0 -7.40287407586
0.0840030662745 0.0190797479543 0 -7.40287407586
0.0839631450031 0.0190671544354 0 -7.40287407586
0.0839232511359 0.0190544777027 0 -7.40287407586
0.0838833846728 0.0190417177562 0 -7.40287407586
0.0838435456139 0.0190288745958 0 -7.40287407586
0.0838037339591 0.0190159482217 0 -7.40287407586
0.0837639497084 0.0190029386337 0 -7.40287407586
0.0837241928619 0.018989845832 0 -7.40287407586
0.0836844634194 0.0189766698164 0 -7.40287407586
0.0836447613812 0.018963410587 0 -7.40287407586
0.083605086747 0.0189500681438 0 -7.40287407586
0.083565439517 0.0189366424867 0 -7.40287407586
0.0835258196912 0.0189231336159 0 -7.40287407586
0.0834862272694 0.0189095415313 0 -7.40287407586
0.0834466622518 0.0188958662328 0 -7.40287407586
0.0834071246383 0.0188821077205 0 -7.40287407586
0.083367614429 0.0188682659945 0 -7.40287407586
0.083367614429 0.0188682659945 0 -7.38028583368
0.0833281333217 0.018854341477 0 -7.38028583368
0.0832886829051 0.018840334901 0 -7.38028583368
0.0832492631793 0.0188262462665 0 -7.38028583368
0.0832098741442 0.0188120755734 0 -7.38028583368
0.0831705157999 0.0187978228218 0 -7.38028583368
0.0831311881464 0.0187834880117 0 -7.38028583368
0.0830918911836 0.0187690711431 0 -7.38028583368
0.0830526249116 0.0187545722159 0 -7.38028583368
0.0830133893304 0.0187399912302 0 -7.38028583368
0.0829741844399 0.018725328186 0 -7.38028583368
0.0829350102401 0.0187105830832 0 -7.38028583368
0.0828958667312 0.0186957559219 0 -7.38028583368
0.0828567539129 0.0186808467021 0 -7.38028583368
0.0828176717855 0.0186658554237 0 -7.38028583368
0.0827786203488 0.0186507820868 0 -7.38028583368
0.0827395996028 0.0186356266914 0 -7.38028583368
0.0827006095477 0.0186203892375 0 -7.38028583368
0.0826616501832 0.018605069725 0 -7.38028583368
0.0826227215096 0.018589668154 0 -7.38028583368
0.0826227215096 0.018589668154 0 -7.35258612485
0.0825838252064 0.018574185014 0 -7.35258612485
0.0825449628321 0.0185586211006 0 -7.35258612485
0.0825061343866 0.0185429764137 0 -7.35258612485
0.08246733987 0.0185272509532 0 -7.35258612485
0.0824285792823 0.0185114447193 0 -7.35258612485
0.0823898526234 0.0184955577119 0 -7.35258612485
0.0823511598934 0.0184795899309 0 -7.35258612485
0.0823125010922 0.0184635413765 0 -7.35258612485
0.0822738762199 0.0184474120486 0 -7.35258612485
0.0822352852764 0.0184312019472 0 -7.35258612485
0.0821967282618 0.0184149110723 0 -7.35258612485
0.0821582051761 0.0183985394239 0 -7.35258612485
0.0821197160192 0.018382087002 0 -7.35258612485
0.0820812607911 0.0183655538066 0 -7.35258612485
0.0820428394919 0.0183489398377 0 -7.35258612485
0.0820044521216 0.0183322450953 0 -7.35258612485
0.0819660986802 0.0183154695794 0 -7.35258612485
0.0819277791675 0.01829861329 0 -7.35258612485
0.0818894935838 0.0182816762271 0 -7.35258612485
0.0818894935838 0.0182816762271 0 -7.32257068047
0.0818512435878 0.0182646589467 0 -7.32257068047
0.0818130307052 0.0182475623056 0 -7.32257068047
0.0817748549358 0.0182303863037 0 -7.32257068047
0.0817367162798 0.0182131309411 0 -7.32257068047
0.081698614737 0.0181957962177 0 -7.32257068047
0.0816605503076 0.0181783821336 0 -7.32257068047
0.0816225229915 0.0181608886887 0 -7.32257068047
0.0815845327887 0.0181433158831 0 -7.32257068047
0.0815465796991 0.0181256637168 0 -7.32257068047
0.0815086637229 0.0181079321897 0 -7.32257068047
0.08147078486 0.0180901213019 0 -7.32257068047
0.0814329431104 0.0180722310533 0 -7.32257068047
0.0813951384741 0.018054261444 0 -7.32257068047
0.0813573709511 0.0180362124739 0 -7.32257068047
0.0813196405414 0.0180180841431 0 -7.32257068047
0.0812819472451 0.0179998764515 0 -7.32257068047
0.081244291062 0.0179815893992 0 -7.32257068047
0.0812066719922 0.0179632229862 0 -7.32257068047
0.0811690900357 0.0179447772124 0 -7.32257068047
0.0811690900357 0.0179447772124 0 -7.28829588741
0.0811315468281 0.0179262526994 0 -7.28829588741
0.0810940438595 0.0179076503639 0 -7.28829588741
0.08105658113 0.0178889702058 0 -7.28829588741
0.0810191586396 0.0178702122253 0 -7.28829588741
0.0809817763882 0.0178513764222 0 -7.28829588741
0.0809444343759 0.0178324627967 0 -7.28829588741
0.0809071326027 0.0178134713486 0 -7.28829588741
0.0808698710686 0.017794402078 0 -7.28829588741
0.0808326497735 0.017775254985 0 -7.28829588741
0.0807954687175 0.0177560300694 0 -7.28829588741
0.0807583279005 0.0177367273313 0 -7.28829588741
0.0807212273226 0.0177173467707 0 -7.28829588741
0.0806841669838 0.0176978883876 0 -7.28829588741
0.0806471468841 0.017678352182 0 -7.28829588741
0.0806101670234 0.0176587381539 0 -7.28829588741
0.0805732274018 0.0176390463033 0 -7.28829588741
0.0805363280193 0.0176192766302 0 -7.28829588741
0.0804994688759 0.0175994291346 0 -7.28829588741
0.0804626499715 0.0175795038165 0 -7.28829588741
0.0804626499715 0.0175795038165 0 -7.25235166369
0.0804258729157 0.0175595013619 0 -7.25235166369
0.0803891391611 0.0175394227461 0 -7.25235166369
0.0803524487077 0.017519267969 0 -7.25235166369
0.0803158015555 0.0174990370308 0 -7.25235166369
0.0802791977046 0.0174787299314 0 -7.25235166369
0.0802426371548 0.0174583466707 0 -7.25235166369
0.0802061199063 0.0174378872488 0 -7.25235166369
0.0801696459589 0.0174173516657 0 -7.25235166369
0.0801332153128 0.0173967399214 0 -7.25235166369
0.0800968279679 0.0173760520159 0 -7.25235166369
0.0800604839242 0.0173552879492 0 -7.25235166369
0.0800241831817 0.0173344477212 0 -7.25235166369
0.0799879257404 0.0173135313321 0 -7.25235166369
0.0799517116003 0.0172925387817 0 -7.25235166369
0.0799155407614 0.0172714700701 0 -7.25235166369
0.0798794132237 0.0172503251973 0 -7.25235166369
0.0798433289873 0.0172291041633 0 -7.25235166369
0.079807288052 0.0172078069681 0 -7.25235166369
0.079771290418 0.0171864336116 0 -7.25235166369
0.079771290418 0.0171864336116 0 -7.21494824716
0.0797353376661 0.0171649848434 0 -7.21494824716
0.0796994312091 0.0171434616958 0 -7.21494824716
0.079663571047 0.0171218641686 0 -7.21494824716
0.0796277571798 0.017100192262 0 -7.21494824716
0.0795919896074 0.0170784459758 0 -7.21494824716
0.07955626833 0.0170566253101 0 -7.21494824716
0.0795205933474 0.017034730265 0 -7.21494824716
0.0794849646597 0.0170127608404 0 -7.21494824716
0.0794493822668 0.0169907170362 0 -7.21494824716
0.0794138461689 0.0169685988526 0 -7.21494824716
0.0793783563658 0.0169464062895 0 -7.21494824716
0.0793429128576 0.0169241393468 0 -7.21494824716
0.0793075156443 0.0169017980247 0 -7.21494824716
0.0792721647258 0.0168793823231 0 -7.21494824716
0.0792368601023 0.016856892242 0 -7.21494824716
0.0792016017736 0.0168343277814 0 -7.21494824716
0.0791663897398 0.0168116889413 0 -7.21494824716
0.0791312240008 0.0167889757217 0 -7.21494824716
0.0790961045568 0.0167661881226 0 -7.21494824716
0.0790961045568 0.0167661881226 0 -7.17519437303
0.0790610329575 0.0167433269558 0 -7.17519437303
0.0790260105736 0.0167203933088 0 -7.17519437303
0.0789910374051 0.0166973871816 0 -7.17519437303
0.0789561134519 0.0166743085743 0 -7.17519437303
0.078921238714 0.0166511574868 0 -7.17519437303
0.0788864131915 0.0166279339191 0 -7.17519437303
0.0788516368844 0.0166046378712 0 -7.17519437303
0.0788169097926 0.0165812693432 0 -7.17519437303
0.0787822319161 0.016557828335 0 -7.17519437303
0.078747603255 0.0165343148467 0 -7.17519437303
0.0787130238092 0.0165107288782 0 -7.17519437303
0.0786784935788 0.0164870704295 0 -7.17519437303
0.0786440125637 0.0164633395006 0 -7.17519437303
0.078609580764 0.0164395360916 0 -7.17519437303
0.0785751981796 0.0164156602024 0 -7.17519437303
0.0785408648106 0.0163917118331 0 -7.17519437303
0.0785065806569 0.0163676909836 0 -7.17519437303
0.0784723457185 0.0163435976539 0 -7.17519437303
0.0784381599955 0.016319431844 0 -7.17519437303
0.0784381599955 0.016319431844 0 -7.13022526449
0.0784040250043 0.0162951944267 0 -7.13022526449
0.0783699420711 0.0162708865432 0 -7.13022526449
0.0783359111959 0.0162465081934 0 -7.13022526449
0.0783019323786 0.0162220593774 0 -7.13022526449
0.0782680056194 0.0161975400952 0 -7.13022526449
0.0782341309182 0.0161729503467 0 -7.13022526449
0.0782003082749 0.016148290132 0 -7.13022526449
0.0781665376897 0.016123559451 0 -7.13022526449
0.0781328191625 0.0160987583039 0 -7.13022526449
0.0780991526932 0.0160738866905 0 -7.13022526449
0.078065538282 0.0160489446108 0 -7.13022526449
0.0780319759287 0.0160239320649 0 -7.13022526449
0.0779984656334 0.0159988490528 0 -7.13022526449
0.0779650073962 0.0159736955745 0 -7.13022526449
0.0779316012169 0.0159484716299 0 -7.13022526449
0.0778982470956 0.0159231772191 0 -7.13022526449
0.0778649450324 0.015897812342 0 -7.13022526449
0.0778316950271 0.0158723769988 0 -7.13022526449
0.0777984970798 0.0158468711892 0 -7.13022526449
0.0777984970798 0.0158468711892 0 -7.08088628223
0.0777653526711 0.0158212958458 0 -7.08088628223
0.0777322630806 0.0157956521615 0 -7.08088628223
0.0776992283086 0.0157699401363 0 -7.08088628223
0.0776662483548 0.0157441597703 0 -7.08088628223
0.0776333232194 0.0157183110633 0 -7.08088628223
0.0776004529023 0.0156923940155 0 -7.08088628223
0.0775676374035 0.0156664086268 0 -7.08088628223
0.0775348767231 0.0156403548972 0 -7.08088628223
0.077502170861 0.0156142328268 0 -7.08088628223
0.0774695198172 0.0155880424154 0 -7.08088628223
0.0774369235918 0.0155617836632 0 -7.08088628223
0.0774043821847 0.0155354565701 0 -7.08088628223
0.0773718955959 0.0155090611362 0 -7.08088628223
0.0773394638254 0.0154825973613 0 -7.08088628223
0.0773070868733 0.0154560652456 0 -7.08088628223
0.0772747647395 0.015429464789 0 -7.08088628223
0.0772424974241 0.0154027959915 0 -7.08088628223
0.077210284927 0.0153760588531 0 -7.08088628223
0.0771781272482 0.0153492533739 0 -7.08088628223
0.0771781272482 0.0153492533739 0 -7.03006098541
0.07714602583 0.0153223805442 0 -7.03006098541
0.0771139819038 0.0152954416071 0 -7.03006098541
0.0770819954697 0.0152684365625 0 -7.03006098541
0.0770500665275 0.0152413654104 0 -7.03006098541
0.0770181950772 0.0152142281509 0 -7.03006098541
0.076986381119 0.0151870247839 0 -7.03006098541
0.0769546246528 0.0151597553095 0 -7.03006098541
0.0769229256785 0.0151324197275 0 -7.03006098541
0.0768912841963 0.0151050180382 0 -7.03006098541
0.076859700206 0.0150775502413 0 -7.03006098541
0.0768281737077 0.015050016337 0 -7.03006098541
0.0767967047014 0.0150224163253 0 -7.03006098541
0.076765293187 0.014994750206 0 -7.03006098541
0.0767339391647 0.0149670179794 0 -7.03006098541
0.0767026426344 0.0149392196452 0 -7.03006098541
0.076671403596 0.0149113552036 0 -7.03006098541
0.0766402220496 0.0148834246545 0 -7.03006098541
0.0766090979952 0.014855427998 0 -7.03006098541
0.0765780314328 0.014827365234 0 -7.03006098541
0.0765780314328 0.014827365234 0 -6.97875760397
0.0765470237642 0.0147992374095 0 -6.97875760397
0.0765160761703 0.0147710458156 0 -6.97875760397
0.0764851886512 0.0147427904521 0 -6.97875760397
0.0764543612067 0.0147144713191 0 -6.97875760397
0.076423593837 0.0146860884165 0 -6.97875760397
0.0763928865421 0.0146576417445 0 -6.97875760397
0.0763622393219 0.0146291313029 0 -6.97875760397
0.0763316521764 0.0146005570919 0 -6.97875760397
0.0763011251056 0.0145719191113 0 -6.97875760397
0.0762706581096 0.0145432173612 0 -6.97875760397
0.0762402511884 0.0145144518415 0 -6.97875760397
0.0762099043418 0.0144856225524 0 -6.97875760397
0.07617961757 0.0144567294937 0 -6.97875760397
0.0761493908729 0.0144277726656 0 -6.97875760397
0.0761192242506 0.0143987520679 0 -6.97875760397
0.076089117703 0.0143696677007 0 -6.97875760397
0.0760590712301 0.014340519564 0 -6.97875760397
0.076029084832 0.0143113076577 0 -6.97875760397
0.0759991585086 0.014282031982 0 -6.97875760397
0.0759991585086 0.014282031982 0 -6.9245754124
0.075969293619 0.0142526936386 0 -6.9245754124
0.0759394912919 0.0142232939645 0 -6.9245754124
0.0759097515273 0.0141938329596 0 -6.9245754124
0.0758800743252 0.0141643106241 0 -6.9245754124
0.0758504596855 0.0141347269577 0 -6.9245754124
0.0758209076084 0.0141050819607 0 -6.9245754124
0.0757914180938 0.0140753756329 0 -6.9245754124
0.0757619911416 0.0140456079743 0 -6.9245754124
0.075732626752 0.0140157789851 0 -6.9245754124
0.0757033249248 0.0139858886651 0 -6.9245754124
0.0756740856602 0.0139559370143 0 -6.9245754124
0.075644908958 0.0139259240328 0 -6.9245754124
0.0756157948183 0.0138958497206 0 -6.9245754124
0.0755867432411 0.0138657140776 0 -6.9245754124
0.0755577542264 0.0138355171039 0 -6.9245754124
0.0755288277742 0.0138052587995 0 -6.9245754124
0.0754999638845 0.0137749391643 0 -6.9245754124
0.0754711625573 0.0137445581984 0 -6.9245754124
0.0754424237926 0.0137141159017 0 -6.9245754124
0.0754424237926 0.0137141159017 0 -6.8660706465
0.0754137489046 0.0136836134294 0 -6.8660706465
0.0753851389679 0.0136530521621 0 -6.8660706465
0.0753565939825 0.0136224320998 0 -6.8660706465
0.0753281139484 0.0135917532425 0 -6.8660706465
0.0752996988657 0.0135610155903 0 -6.8660706465
0.0752713487343 0.013530219143 0 -6.8660706465
0.0752430635542 0.0134993639008 0 -6.8660706465
0.0752148433254 0.0134684498636 0 -6.8660706465
0.075186688048 0.0134374770314 0 -6.8660706465
0.0751585977219 0.0134064454042 0 -6.8660706465
0.0751305723471 0.0133753549821 0 -6.8660706465
0.0751026119237 0.0133442057649 0 -6.8660706465
0.0750747164516 0.0133129977528 0 -6.8660706465
0.0750468859308 0.0132817309457 0 -6.8660706465
0.0750191203614 0.0132504053436 0 -6.8660706465
0.0749914197432 0.0132190209465 0 -6.8660706465
0.0749637840765 0.0131875777545 0 -6.8660706465
0.074936213361 0.0131560757674 0 -6.8660706465
0.0749087075969 0.0131245149854 0 -6.8660706465
0.0749087075969 0.0131245149854 0 -6.8036345481
0.0748812680512 0.0130928966148 0 -6.8036345481
0.0748538957431 0.0130612220779 0 -6.8036345481
0.0748265906724 0.0130294913748 0 -6.8036345481
0.0747993528392 0.0129977045054 0 -6.8036345481
0.0747721822435 0.0129658614698 0 -6.8036345481
0.0747450788852 0.0129339622679 0 -6.8036345481
0.0747180427643 0.0129020068997 0 -6.8036345481
0.074691073881 0.0128699953653 0 -6.8036345481
0.074664172235 0.0128379276646 0 -6.8036345481
0.0746373378266 0.0128058037976 0 -6.8036345481
0.0746105706556 0.0127736237644 0 -6.8036345481
0.0745838707221 0.0127413875649 0 -6.8036345481
0.074557238026 0.0127090951992 0 -6.8036345481
0.0745306725674 0.0126767466672 0 -6.8036345481
0.0745041743463 0.0126443419689 0 -6.8036345481
0.0744777433626 0.0126118811044 0 -6.8036345481
0.0744513796164 0.0125793640736 0 -6.8036345481
0.0744250831076 0.0125467908765 0 -6.8036345481
0.0743988538363 0.0125141615132 0 -6.8036345481
0.0743988538363 0.0125141615132 0 -6.73782604066
0.0743726930207 0.0124814772395 0 -6.73782604066
0.0743466016224 0.012448739517 0 -6.73782604066
0.0743205796414 0.0124159483458 0 -6.73782604066
0.0742946270776 0.0123831037259 0 -6.73782604066
0.0742687439311 0.0123502056572 0 -6.73782604066
0.0742429302019 0.0123172541398 0 -6.73782604066
0.07421718589 0.0122842491737 0 -6.73782604066
0.0741915109954 0.0122511907589 0 -6.73782604066
0.074165905518 0.0122180788953 0 -6.73782604066
0.0741403694579 0.012184913583 0 -6.73782604066
0.0741149028151 0.0121516948219 0 -6.73782604066
0.0740895055895 0.0121184226122 0 -6.73782604066
0.0740641777813 0.0120850969537 0 -6.73782604066
0.0740389193903 0.0120517178465 0 -6.73782604066
0.0740137304166 0.0120182852905 0 -6.73782604066
0.0739886108602 0.0119847992859 0 -6.73782604066
0.073963560721 0.0119512598324 0 -6.73782604066
0.0739385799992 0.0119176669303 0 -6.73782604066
0.0739136686946 0.0118840205794 0 -6.73782604066
0.0739136686946 0.0118840205794 0 -6.6681471648
0.0738888279746 0.0118503220831 0 -6.6681471648
0.073864058742 0.0118165729401 0 -6.6681471648
0.0738393609967 0.0117827731504 0 -6.6681471648
0.0738147347388 0.011748922714 0 -6.6681471648
0.0737901799681 0.011715021631 0 -6.6681471648
0.0737656966848 0.0116810699012 0 -6.6681471648
0.0737412848889 0.0116470675248 0 -6.6681471648
0.0737169445802 0.0116130145017 0 -6.6681471648
0.0736926757589 0.0115789108319 0 -6.6681471648
0.073668478425 0.0115447565154 0 -6.6681471648
0.0736443525783 0.0115105515523 0 -6.6681471648
0.073620298219 0.0114762959424 0 -6.6681471648
0.073596315347 0.0114419896859 0 -6.6681471648
0.0735724039624 0.0114076327827 0 -6.6681471648
0.0735485640651 0.0113732252328 0 -6.6681471648
0.0735247956551 0.0113387670362 0 -6.6681471648
0.0735010987324 0.011304258193 0 -6.6681471648
0.0734774732971 0.0112696987031 0 -6.6681471648
0.0734539193491 0.0112350885664 0 -6.6681471648
0.0734539193491 0.0112350885664 0 -6.59586288564
0.0734304380031 0.0112004291318 0 -6.59586288564
0.0734070301014 0.0111657219326 0 -6.59586288564
0.0733836956441 0.0111309669688 0 -6.59586288564
0.0733604346311 0.0110961642405 0 -6.59586288564
0.0733372470625 0.0110613137476 0 -6.59586288564
0.0733141329382 0.0110264154901 0 -6.59586288564
0.0732910922582 0.0109914694682 0 -6.59586288564
0.0732681250226 0.0109564756816 0 -6.59586288564
0.0732452312314 0.0109214341305 0 -6.59586288564
0.0732224108845 0.0108863448149 0 -6.59586288564
0.073199663982 0.0108512077347 0 -6.59586288564
0.0731769905238 0.0108160228899 0 -6.59586288564
0.0731543905099 0.0107807902806 0 -6.59586288564
0.0731318639404 0.0107455099067 0 -6.59586288564
0.0731094108153 0.0107101817683 0 -6.59586288564
0.0730870311345 0.0106748058653 0 -6.59586288564
0.073064724898 0.0106393821978 0 -6.59586288564
0.0730424921059 0.0106039107657 0 -6.59586288564
0.0730203327582 0.0105683915691 0 -6.59586288564
0.0730203327582 0.0105683915691 0 -6.52245162977
0.0729982479149 0.0105328259998 0 -6.52245162977
0.0729762383568 0.0104972156236 0 -6.52245162977
0.072954304084 0.0104615604404 0 -6.52245162977
0.0729324450965 0.0104258604504 0 -6.52245162977
0.0729106613941 0.0103901156535 0 -6.52245162977
0.072888952977 0.0103543260497 0 -6.52245162977
0.0728673198452 0.010318491639 0 -6.52245162977
0.0728457619985 0.0102826124214 0 -6.52245162977
0.0728242794371 0.0102466883969 0 -6.52245162977
0.072802872161 0.0102107195655 0 -6.52245162977
0.0727815401701 0.0101747059272 0 -6.52245162977
0.0727602834644 0.010138647482 0 -6.52245162977
0.0727391020439 0.0101025442299 0 -6.52245162977
0.0727179959087 0.0100663961709 0 -6.52245162977
0.0726969650587 0.010030203305 0 -6.52245162977
0.072676009494 0.00999396563217 0 -6.52245162977
0.0726551292145 0.00995768315246 0 -6.52245162977
0.0726343242202 0.00992135586585 0 -6.52245162977
0.0726135945112 0.00988498377234 0 -6.52245162977
0.0726135945112 0.00988498377234 0 -6.44749825683
0.0725929410914 0.00984856830487 0 -6.44749825683
0.0725723646786 0.009812111059 0 -6.44749825683
0.0725518652729 0.00977561203473 0 -6.44749825683
0.0725314428743 0.00973907123207 0 -6.44749825683
0.0725110974828 0.00970248865101 0 -6.44749825683
0.0724908290983 0.00966586429155 0 -6.44749825683
0.072470637721 0.0096291981537 0 -6.44749825683
0.0724505233507 0.00959249023745 0 -6.44749825683
0.0724304859875 0.0095557405428 0 -6.44749825683
0.0724105256314 0.00951894906975 0 -6.44749825683
0.0723906422823 0.00948211581831 0 -6.44749825683
0.0723708359404 0.00944524078847 0 -6.44749825683
0.0723511066055 0.00940832398023 0 -6.44749825683
0.0723314542777 0.00937136539359 0 -6.44749825683
0.072311878957 0.00933436502856 0 -6.44749825683
0.0722923806434 0.00929732288513 0 -6.44749825683
0.0722729593369 0.00926023896331 0 -6.44749825683
0.0722536150374 0.00922311326308 0 -6.44749825683
0.072234347745 0.00918594578446 0 -6.44749825683
0.072234347745 0.00918594578446 0 -6.36924251605
0.0722151584059 0.00914873799916 0 -6.36924251605
0.0721960476739 0.00911149153003 0 -6.36924251605
0.0721770155492 0.00907420637706 0 -6.36924251605
0.0721580620315 0.00903688254026 0 -6.36924251605
0.0721391871211 0.00899952001962 0 -6.36924251605
0.0721203908178 0.00896211881515 0 -6.36924251605
0.0721016731216 0.00892467892685 0 -6.36924251605
0.0720830340326 0.00888720035471 0 -6.36924251605
0.0720644735508 0.00884968309874 0 -6.36924251605
0.0720459916762 0.00881212715894 0 -6.36924251605
0.0720275884087 0.0087745325353 0 -6.36924251605
0.0720092637484 0.00873689922783 0 -6.36924251605
0.0719910176952 0.00869922723652 0 -6.36924251605
0.0719728502492 0.00866151656138 0 -6.36924251605
0.0719547614104 0.00862376720241 0 -6.36924251605
0.0719367511787 0.0085859791596 0 -6.36924251605
0.0719188195542 0.00854815243296 0 -6.36924251605
0.0719009665369 0.00851028702248 0 -6.36924251605
0.0718831921267 0.00847238292817 0 -6.36924251605
0.0718831921267 0.00847238292817 0 -6.28669489957
0.0718654972106 0.0084344416582 0 -6.28669489957
0.0718478823775 0.00839646486012 0 -6.28669489957
0.0718303476273 0.00835845253394 0 -6.28669489957
0.07181289296 0.00832040467966 0 -6.28669489957
0.0717955183757 0.00828232129728 0 -6.28669489957
0.0717782238744 0.00824420238679 0 -6.28669489957
0.071761009456 0.00820604794819 0 -6.28669489957
0.0717438751205 0.0081678579815 0 -6.28669489957
0.0717268208681 0.0081296324867 0 -6.28669489957
0.0717098466985 0.00809137146379 0 -6.28669489957
0.0716929526119 0.00805307491279 0 -6.28669489957
0.0716761386083 0.00801474283368 0 -6.28669489957
0.0716594046876 0.00797637522646 0 -6.28669489957
0.0716427508499 0.00793797209115 0 -6.28669489957
0.0716261770951 0.00789953342773 0 -6.28669489957
0.0716096834232 0.0078610592362 0 -6.28669489957
0.0715932698344 0.00782254951658 0 -6.28669489957
0.0715769363284 0.00778400426885 0 -6.28669489957
0.0715606829054 0.00774542349301 0 -6.28669489957
0.0715606829054 0.00774542349301 0 -6.20132983933
0.0715445103917 0.00770680873131 0 -6.20132983933
0.07152841931 0.00766816165342 0 -6.20132983933
0.0715124096604 0.00762948225933 0 -6.20132983933
0.071496481443 0.00759077054905 0 -6.20132983933
0.0714806346577 0.00755202652256 0 -6.20132983933
0.0714648693045 0.00751325017989 0 -6.20132983933
0.0714491853833 0.00747444152102 0 -6.20132983933
0.0714335828943 0.00743560054595 0 -6.20132983933
0.0714180618375 0.00739672725468 0 -6.20132983933
0.0714026222127 0.00735782164722 0 -6.20132983933
0.07138726402 0.00731888372357 0 -6.20132983933
0.0713719872594 0.00727991348372 0 -6.20132983933
0.071356791931 0.00724091092767 0 -6.20132983933
0.0713416780347 0.00720187605542 0 -6.20132983933
0.0713266455704 0.00716280886699 0 -6.20132983933
0.0713116945383 0.00712370936235 0 -6.20132983933
0.0712968249383 0.00708457754152 0 -6.20132983933
0.0712820367704 0.00704541340449 0 -6.20132983933
0.0712673300346 0.00700621695127 0 -6.20132983933
0.0712673300346 0.00700621695127 0 -6.11453340595
0.0712527054952 0.00696698975572 0 -6.11453340595
0.0712381636084 0.00692773350699 0 -6.11453340595
0.071223704374 0.00688844820506 0 -6.11453340595
0.0712093277922 0.00684913384994 0 -6.11453340595
0.0711950338628 0.00680979044164 0 -6.11453340595
0.071180822586 0.00677041798014 0 -6.11453340595
0.0711666939616 0.00673101646545 0 -6.11453340595
0.0711526479898 0.00669158589758 0 -6.11453340595
0.0711386846705 0.00665212627651 0 -6.11453340595
0.0711248040037 0.00661263760226 0 -6.11453340595
0.0711110059894 0.00657311987482 0 -6.11453340595
0.0710972906276 0.00653357309418 0 -6.11453340595
0.0710836579184 0.00649399726036 0 -6.11453340595
0.0710701078616 0.00645439237335 0 -6.11453340595
0.0710566404574 0.00641475843314 0 -6.11453340595
0.0710432557056 0.00637509543975 0 -6.11453340595
0.0710299536064 0.00633540339317 0 -6.11453340595
0.0710167341597 0.0062956822934 0 -6.11453340595
0.0710035973654 0.00625593214044 0 -6.11453340595
0.0710035973654 0.00625593214044 0 -6.02624078265
0.0709905439249 0.0062161545373 0 -6.02624078265
0.0709775742265 0.00617635118991 0 -6.02624078265
0.0709646882703 0.00613652209829 0 -6.02624078265
0.0709518860564 0.00609666726241 0 -6.02624078265
0.0709391675847 0.0060567866823 0 -6.02624078265
0.0709265328552 0.00601688035794 0 -6.02624078265
0.0709139818679 0.00597694828933 0 -6.02624078265
0.0709015146228 0.00593699047648 0 -6.02624078265
0.07088913112 0.00589700691939 0 -6.02624078265
0.0708768313593 0.00585699761805 0 -6.02624078265
0.0708646153409 0.00581696257247 0 -6.02624078265
0.0708524830647 0.00577690178264 0 -6.02624078265
0.0708404345308 0.00573681524857 0 -6.02624078265
0.070828469739 0.00569670297025 0 -6.02624078265
0.0708165886894 0.00565656494769 0 -6.02624078265
0.0708047913821 0.00561640118089 0 -6.02624078265
0.070793077817 0.00557621166984 0 -6.02624078265
0.0707814479941 0.00553599641455 0 -6.02624078265
0.0707699019134 0.00549575541501 0 -6.02624078265
0.0707699019134 0.00549575541501 0 -5.9361334486
0.0707584402118 0.00545549030085 0 -5.9361334486
0.0707470632097 0.00541520279209 0 -5.9361334486
0.0707357709071 0.00537489288874 0 -5.9361334486
0.070724563304 0.0053345605908 0 -5.9361334486
0.0707134404005 0.00529420589827 0 -5.9361334486
0.0707024021964 0.00525382881115 0 -5.9361334486
0.0706914486918 0.00521342932943 0 -5.9361334486
0.0706805798868 0.00517300745312 0 -5.9361334486
0.0706697957813 0.00513256318222 0 -5.9361334486
0.0706590963753 0.00509209651673 0 -5.9361334486
0.0706484816688 0.00505160745664 0 -5.9361334486
0.0706379516618 0.00501109600197 0 -5.9361334486
0.0706275063543 0.0049705621527 0 -5.9361334486
0.0706171457463 0.00493000590884 0 -5.9361334486
0.0706068698379 0.00488942727038 0 -5.9361334486
0.0705966786289 0.00484882623734 0 -5.9361334486
0.0705865721195 0.0048082028097 0 -5.9361334486
0.0705765503096 0.00476755698747 0 -5.9361334486
0.0705666131992 0.00472688877065 0 -5.9361334486
0.0705666131992 0.00472688877065 0 -5.84424086083
0.0705567613598 0.00468619981288 0 -5.84424086083
0.0705469950434 0.00464549184558 0 -5.84424086083
0.0705373142498 0.00460476486876 0 -5.84424086083
0.0705277189791 0.0045640188824 0 -5.84424086083
0.0705182092312 0.00452325388652 0 -5.84424086083
0.0705087850063 0.00448246988111 0 -5.84424086083
0.0704994463042 0.00444166686616 0 -5.84424086083
0.070490193125 0.00440084484169 0 -5.84424086083
0.0704810254687 0.00436000380769 0 -5.84424086083
0.0704719433353 0.00431914376416 0 -5.84424086083
0.0704629467247 0.00427826471109 0 -5.84424086083
0.070454035637 0.0042373666485 0 -5.84424086083
0.0704452100722 0.00419644957638 0 -5.84424086083
0.0704364700303 0.00415551349473 0 -5.84424086083
0.0704278155113 0.00411455840355 0 -5.84424086083
0.0704192465151 0.00407358430285 0 -5.84424086083
0.0704107630418 0.00403259119261 0 -5.84424086083
0.0704023650914 0.00399157907284 0 -5.84424086083
0.0703940526639 0.00395054794354 0 -5.84424086083
0.0703940526639 0.00395054794354 0 -5.75063152219
0.0703858262646 0.00390949947978 0 -5.75063152219
0.0703776860763 0.00386843542161 0 -5.75063152219
0.0703696320991 0.00382735576903 0 -5.75063152219
0.0703616643328 0.00378626052204 0 -5.75063152219
0.0703537827776 0.00374514968064 0 -5.75063152219
0.0703459874334 0.00370402324483 0 -5.75063152219
0.0703382783002 0.00366288121461 0 -5.75063152219
0.070330655378 0.00362172358999 0 -5.75063152219
0.0703231186669 0.00358055037095 0 -5.75063152219
0.0703156681667 0.00353936155751 0 -5.75063152219
0.0703083038776 0.00349815714966 0 -5.75063152219
0.0703010257995 0.0034569371474 0 -5.75063152219
0.0702938339324 0.00341570155073 0 -5.75063152219
0.0702867282764 0.00337445035965 0 -5.75063152219
0.0702797088313 0.00333318357416 0 -5.75063152219
0.0702727755973 0.00329190119427 0 -5.75063152219
0.0702659285743 0.00325060321996 0 -5.75063152219
0.0702591677623 0.00320928965125 0 -5.75063152219
0.0702524931613 0.00316796048812 0 -5.75063152219
0.0702524931613 0.00316796048812 0 -5.65658996994
0.0702459052097 0.00312661742442 0 -5.65658996994
0.0702394040209 0.00308526220609 0 -5.65658996994
0.0702329895949 0.00304389483313 0 -5.65658996994
0.0702266619319 0.00300251530554 0 -5.65658996994
0.0702204210316 0.00296112362331 0 -5.65658996994
0.0702142668942 0.00291971978646 0 -5.65658996994
0.0702081995196 0.00287830379498 0 -5.65658996994
0.0702022189078 0.00283687564886 0 -5.65658996994
0.0701963250589 0.00279543534812 0 -5.65658996994
0.0701905179729 0.00275398289274 0 -5.65658996994
0.0701847976496 0.00271251828274 0 -5.65658996994
0.0701791640892 0.00267104151811 0 -5.65658996994
0.0701736172917 0.00262955259884 0 -5.65658996994
0.070168157257 0.00258805152495 0 -5.65658996994
0.0701627839851 0.00254653829642 0 -5.65658996994
0.0701574974761 0.00250501291326 0 -5.65658996994
0.0701522977298 0.00246347537548 0 -5.65658996994
0.0701471847465 0.00242192568306 0 -5.65658996994
0.070142158526 0.00238036383602 0 -5.65658996994
0.070142158526 0.00238036383602 0 -5.56488687793
0.0701372194389 0.00233879154426 0 -5.56488687793
0.0701323675294 0.00229721055687 0 -5.56488687793
0.0701276027973 0.00225562087384 0 -5.56488687793
0.0701229252427 0.00221402249518 0 -5.56488687793
0.0701183348655 0.00217241542089 0 -5.56488687793
0.0701138316659 0.00213079965097 0 -5.56488687793
0.0701094156436 0.00208917518542 0 -5.56488687793
0.0701050867989 0.00204754202423 0 -5.56488687793
0.0701008451316 0.00200590016741 0 -5.56488687793
0.0700966906418 0.00196424961496 0 -5.56488687793
0.0700926233295 0.00192259036687 0 -5.56488687793
0.0700886431946 0.00188092242315 0 -5.56488687793
0.0700847502372 0.0018392457838 0 -5.56488687793
0.0700809444573 0.00179756044882 0 -5.56488687793
0.0700772258548 0.0017558664182 0 -5.56488687793
0.0700735944299 0.00171416369195 0 -5.56488687793
0.0700700501823 0.00167245227007 0 -5.56488687793
0.0700665931123 0.00163073215256 0 -5.56488687793
0.0700632232197 0.00158900333941 0 -5.56488687793
0.0700632232197 0.00158900333941 0 -5.47918081931
0.070059940807 0.00154726755393 0 -5.47918081931
0.0700567458485 0.00150552654557 0 -5.47918081931
0.0700536383443 0.00146378031432 0 -5.47918081931
0.0700506182943 0.00142202886019 0 -5.47918081931
0.0700476856986 0.00138027218317 0 -5.47918081931
0.0700448405572 0.00133851028326 0 -5.47918081931
0.07004208287 0.00129674316047 0 -5.47918081931
0.070039412637 0.00125497081479 0 -5.47918081931
0.0700368298584 0.00121319324623 0 -5.47918081931
0.0700343345339 0.00117141045479 0 -5.47918081931
0.0700319266637 0.00112962244045 0 -5.47918081931
0.0700296062478 0.00108782920323 0 -5.47918081931
0.0700273732861 0.00104603074313 0 -5.47918081931
0.0700252277787 0.00100422706014 0 -5.47918081931
0.0700231697256 0.000962418154266 0 -5.47918081931
0.0700211991267 0.000920604025506 0 -5.47918081931
0.070019315982 0.00087878467386 0 -5.47918081931
0.0700175202916 0.000836960099328 0 -5.47918081931
0.0700158120555 0.000795130301911 0 -5.47918081931
0.0700158120555 0.000795130301911 0 -5.40373117186
0.0700141915072 0.000753297015572 0 -5.40373117186
0.0700126585517 0.000711461987353 0 -5.40373117186
0.070011213189 0.000669625217254 0 -5.40373117186
0.070009855419 0.000627786705275 0 -5.40373117186
0.0700085852418 0.000585946451416 0 -5.40373117186
0.0700074026573 0.000544104455678 0 -5.40373117186
0.0700063076656 0.000502260718059 0 -5.40373117186
0.0700053002666 0.000460415238561 0 -5.40373117186
0.0700043804604 0.000418568017182 0 -5.40373117186
0.070003548247 0.000376719053924 0 -5.40373117186
0.0700028036263 0.000334868348785 0 -5.40373117186
0.0700021465983 0.000293015901767 0 -5.40373117186
0.0700015771632 0.000251161712869 0 -5.40373117186
0.0700010953208 0.00020930578209 0 -5.40373117186
0.0700007010711 0.000167448109432 0 -5.40373117186
0.0700003944142 0.000125588694894 0 -5.40373117186
0.07000017535 8.37275384759e-05 0 -5.40373117186
0.0700000438786 4.18646401779e-05 0 -5.40373117186
0.07 0 0 -5.40373117186
